25
(
6(0 1 45 55 60 85)
6(2 3 56 65 90 0)
6(4 5 57 70 95 2)
6(6 7 58 75 100 4)
6(8 50 59 80 105 6)
6(9 10 46 61 86 1)
6(11 12 66 91 3 9)
6(13 14 71 96 5 11)
6(15 16 76 101 7 13)
6(17 51 81 106 8 15)
6(18 19 47 62 87 10)
6(20 21 67 92 12 18)
6(22 23 72 97 14 20)
6(24 25 77 102 16 22)
6(26 52 82 107 17 24)
6(27 28 48 63 88 19)
6(29 30 68 93 21 27)
6(31 32 73 98 23 29)
6(33 34 78 103 25 31)
6(35 53 83 108 26 33)
6(36 40 49 64 89 28)
6(37 41 69 94 30 36)
6(38 42 74 99 32 37)
6(39 43 79 104 34 38)
6(44 54 84 109 35 39)
)